cellID
65048337
65048338
65048339
65048371
65052689
65052690
65052691
65052721
65052722
65052723
65079601
65079602
65124405
65124406
65124407
65124409
65124410
65126401
65126449
65135665
65135666
65135667
65135668
65135669
65135873
65135874
65135921
65135922
65135923
65135924
65135925
65135926
65135927
65135928
65135929
65145362
65145363
65145364
65169713
65169714
65169715
65169716
65213233
65213234
65213235
65213236
65213237
65213238
65213239
65213240
65213241
65242885
65242886
65242890
65242929
65242930
65242931
65242935
65242936
65242937
65255729
65255730
65255731
65255985
65255986
65256241
65256242
65256243
65256244
65256245
65256246
65264898
65264914
65264916
65264945
65264947
65264948
65264950
65271601
65271602
65271603
65272113
65272114
65272115
65272369
65272370
65272371
65315092
65315093
65315094
65321777
65321778
65321779
65329172
65329173
65346065
65346066
65346097
65346098
65346101
65346102
65346103
65346104
65358129
65358131
65358132
65358133
65358641
65358642
65358643
65366545
65366546
65366547
65366577
65366578
65366579
65366580
65366581
65373745
65373746
65373747
65374513
65374514
65374515
65375793
65375794
65375795
65384753
65384754
65384755
65385521
65385522
65385523
65390865
65390866
65390867
65390897
65390898
65390899
65450033
65450034
65450035
65450036
65450037
65450038
65450257
65450258
65450289
65450290
65450293
65450294
65450299
65450300
65450546
65450547
65450801
65450802
65450803
65450804
65450805
65450806
65451057
65451058
65451059
65451281
65451282
65451283
65451521
65451522
65451569
65451570
65451571
65451825
65452081
65452082
65452083
65452337
65452338
65452339
65453073
65453074
65453075
65453105
65453107
65460017
65460019
65461521
65461522
65461523
65461553
65461554
65461555
65463345
65463346
65463347
65463348
65463349
65463350
65463351
65463604
65463605
65463606
65463607
65463608
65463609
65463857
65463858
65464369
65464370
65464371
65464625
65464626
65464627
65464881
65464882
65464883
65465137
65465138
65465139
65465140
65465141
65465142
65465143
65465144
65465145
65465146
65465905
65465906
65465907
65466161
65466162
65466163
65466424
65466425
65466641
65466642
65466643
65466644
65466645
65466646
65467953
65467954
65467955
65468177
65468178
65468209
65468210
65468211
65468212
65468465
65468466
65468467
65468721
65468722
65470257
65470258
65470259
65470513
65470514
65470515
65470769
65470770
65470771
65471025
65471026
65471027
65471281
65471282
65471283
65471537
65471539
65471540
65471541
65471542
65474609
65474610
65474611
65474612
65474613
65474614
65474865
65474866
65474867
65475860
65475861
65475862
65475892
65475893
65476145
65476146
65476147
65477425
65477426
65477681
65477682
65477683
65477684
65477685
65477686
65479217
65479218
65479219
65479220
65479221
65479222
65479223
65479473
65479474
65479475
65479476
65479477
65479729
65479730
65479731
65479953
65479954
65479955
65479985
65479988
65479989
65479990
65480209
65480210
65480211
65480241
65480242
65480243
65480465
65480466
65480467
65480497
65480498
65481234
65481235
65481489
65481490
65481491
65481521
65481522
65481523
65482257
65482258
65482259
65482289
65482290
65482291
65482545
65482547
65482548
65482549
65482550
65483313
65483315
65484049
65484050
65484051
65484081
65484082
65484083
65484561
65484562
65484563
65484564
65484565
65484566
65484593
65484594
65484595
65484817
65484818
65484819
65484849
65484850
65484851
65485105
65485106
65485107
65485329
65485330
65485331
65485361
65485362
65485363
65485364
65485365
65485366
65485585
65485586
65485587
65485588
65485589
65485590
65485617
65485618
65485619
65486081
65486083
65486097
65486098
65486099
65486129
65486130
65486131
65486353
65486354
65486355
65486385
65486386
65486387
65486388
65486609
65486610
65486611
65486641
65486642
65486643
65486865
65486866
65486867
65486897
65486898
65486899
65487377
65487378
65487379
65487409
65487410
65487411
65487665
65487666
65487667
65538609
65538610
65538611
65541169
65541170
65541171
65547025
65547026
65547027
65547057
65547058
65547059
65549617
65549618
65549619
65551617
65551618
65551619
65551620
65551621
65551622
65551623
65551624
65551625
65559090
65560369
65560370
65560371
65566513
65566514
65566515
65566518
65575475
65579825
65579826
65579827
65579828
65579829
65579830
65579831
65579832
65579833
65579834
65582866
65582867
65582897
65582898
65582899
65593393
65593394
65593399
65606193
65606194
65606195
65606196
65606197
65606198
65638193
65638194
65638195
65639441
65639443
65639473
65639475
65640500
65640501
65640502
65662514
65662515
65673266
65680433
65680434
65680435
65680436
65680438
65680945
65680946
65680947
65684529
65684530
65684531
65685553
65685554
65685555
65686531
65686577
65686578
65686579
65686581
65686582
65686583
65686584
65718804
65718806
65753905
65753906
65753907
65753908
65765428
65765429
65765430
65770001
65770002
65770003
65770004
65770033
65770034
65770039
65770257
65770258
65770291
65770295
65770296
65770297
65770513
65770514
65770545
65770548
65770552
65770802
65771057
65776689
65776690
65776691
65780785
65780786
65780787
65781553
65781554
65781555
65781556
65781558
65800721
65800722
65800723
65800724
65800725
65800726
65805105
65805106
65805109
65805110
65805329
65821233
65821234
65821235
65829649
65829650
65829651
65829681
65829682
65829683
65831185
65831186
65831187
65831217
65831218
65831219
65852209
65852210
65852211
65852465
65852466
65852467
65852468
65852469
65852470
65861425
65861426
65861427
65866801
65866802
65866803
65872177
65887793
65888049
65888052
65888053
65888054
65888055
65893681
65893685
65893938
65893939
65915698
65915699
65915953
65915954
65915955
65937713
65937714
65937715
65937969
65937970
65937971
65939714
65939729
65939761
65939764
65940017
65940274
65940278
65942065
65942066
65942068
65942069
65942071
65942289
65942292
65947697
65947699
65947700
65948721
65948724
65948979
65948980
65948981
65949489
65949490
65949491
65949492
65949493
65949494
65969458
65969459
65969714
65969715
65969716
65969718
65969969
65969970
65969971
65969974
65973300
65977393
65977395
65977396
65977398
65977653
65979441
65979443
65980465
65980466
65980467
65981441
65981489
65981493
65986065
65986066
65986097
65986100
65986102
65990673
65990674
65990675
65997841
65997842
65997843
66007313
66007314
66007315
66009873
66009874
66009875
66013713
66013714
66013715
66019089
66019090
66019091
66019858
66019859
66025489
66025490
66025491
66034689
66034690
66034691
66034692
66034693
66034694
66034695
66034696
66034697
66053137
66053138
66053139
66053140
66053141
66053142
122889137
122889138
122889139
122889140
122889141
122889142
122889143
122889144
122889393
122889394
122902961
122902962
122903217
122903218
122903219
122903220
122903221
122903222
122903223
122903224
122903225
122905012
122905013
122905014
122909825
122909826
122909873
122909874
122909875
122909876
122914481
122914482
122914483
122914484
122922369
122922417
122922418
122922419
122926721
122926722
122926723
122926724
122926725
122926726
122926727
122926728
122926729
122926730
122927745
122927746
122927747
122927748
122927749
122927750
122927754
122927755
122927756
122928001
122928002
122928003
122928004
122928005
122928006
122928007
122928008
122928009
122928010
122928011
122935169
122935170
122935171
122935172
122935173
122935174
122935175
122935176
122935177
122935178
122935425
122935426
122935427
122935428
122935429
122935430
122935431
122935432
122935433
122935434
122935435
122935436
122935937
122935938
122935939
122935940
122935941
122935942
122935943
122935944
122935945
122935946
122935947
122938801
122938802
122938803
122938805
122938806
55709704192
55709704193
55709704194
55709708288
55709708289
55709708290
55709708291
55709708292
55709708293
55709712387
55709712388
55709712389
55709716480
55709716481
55709716482
55709720576
55709720577
55709720578
55709720579
55709720580
55709720581
55709724672
55709724673
55709724674
55709724675
55709724676
55709724677
55709728768
55709728769
55709728770
55709728771
55709728772
55709728773
55709732992
55709732993
55709732995
55709736960
55709736961
55709736962
55709736963
55709741059
55709741060
55709741061
55709745152
55709745153
55709745154
55709745155
55709745156
55709745157
55709749248
55709749249
55709749250
55709749251
55709749252
55709749253
55709749254
55709749255
55709749256
55709753344
55709753345
55709753346
55709753347
55709753348
55709753349
55709757440
55709757441
55709757442
55709757443
55709757444
55709757445
55709761536
55709761537
55709761538
55709761539
55709761540
55709761541
55709765632
55709765633
55709765634
55709765635
55709765636
55709765637
55709769728
55709769729
55709769730
55709769731
55709769732
55709769733
55709773824
55709773825
55709773826
55709773827
55709773828
55709773829
55709777920
55709777921
55709777922
55709777923
55709777924
55709777925
55709782016
55709782017
55709782018
55709782019
55709782020
55709782021
55709786112
55709786113
55709786114
55709790211
55709790212
55709790213
55709794307
55709794308
55709794309
55709798403
55709798404
55709798405
55709802496
55709802497
55709802498
55709806592
55709806593
55709806594
55709806595
55709806596
55709806597
55709806598
55709806599
55709806600
55709810688
55709810689
55709810690
55709810691
55709810692
55709810693
55709814784
55709814785
55709814786
55709814787
55709814788
55709814789
55709818880
55709818881
55709818882
55709818883
55709818884
55709818885
55709827072
55709827073
55709827074
55709827075
55709827076
55709827077
55709831168
55709831169
55709831170
55709831171
55709831172
55709831173
55709835264
55709835265
55709835266
55709835267
55709835268
55709835269
55709839360
55709839361
55709839362
55709839363
55709839364
55709839365
55709843456
55709843457
55709843458
55709843459
55709843460
55709843461
55709847552
55709847553
55709847554
55709851648
55709851649
55709851650
55709851651
55709855750
55709855751
55709855752
55709859840
55709859841
55709859842
55709864064
55709864065
55709864066
55709864067
55709877254
55709877255
55709877256
55709925376
55709925377
55709925378
55709925379
55709925380
55709925381
55709929472
55709929473
55709929474
55709929475
55709929476
55709929477
55709933568
55709933569
55709933570
55709937664
55709937665
55709937666
55709945856
55709945857
55709945858
55709945859
55709945860
55709945861
55709958272
55709958273
55709958274
55709962368
55709962369
55709962370
55709962371
55709962372
55709962373
55709962374
55709962375
55709962376
55709962377
55709962378
55709962379
55709962380
55709966336
55709966337
55709966338
55709966339
55709966340
55709966341
55709975552
55709975553
55709975554
55709975555
55709975556
55709975557
55709975558
55709975559
55709975560
55709975561
55709975562
55709978624
55709978625
55709978626
55709978627
55709978628
55709978629
55709982848
55709982849
55709986816
55709986818
55709986819
55709986820
55709986821
55709990912
55709990914
55709990915
55709990916
55709990917
55709995008
55709995009
55709995010
55709995011
55709995012
55709995013
55709995014
55709995015
55709995016
55709999104
55709999105
55709999106
55709999107
55709999108
55709999109
55709999110
55709999111
55709999112
55710003200
55710003201
55710003202
55710011392
55710011393
55710011394
55710011395
55710011396
55710011397
55710015488
55710015489
55710015490
55710015491
55710015492
55710015493
55710015494
55710015495
55710015496
55710019584
55710019585
55710019586
55710023683
55710023684
55710027776
55710027777
55710027778
55710027779
55710027780
55710027781
55710027782
55710027783
55710027784
55710031875
55710031876
55710031877
55710035974
55710035975
55710035976
55710035977
55710040067
55710040068
55710040069
55710040070
55710040072
55710052352
55710052354
55710052355
55710052356
55710052357
55710052358
55710052359
55710052360
55710057472
55710057473
55710057474
55710057475
55710057476
55710057477
55710061568
55710061569
55710061570
55710061571
55710061572
55710061573
55710061574
55710061575
55710061576
55710162944
55710162945
55710162946
55710162947
55710162948
55710162949
55710167043
55710167044
55710167045
55710176256
55710176257
55710176258
55710176262
55710176263
55710176264
55710176265
55710176266
55710176267
55710224384
55710224385
55710224386
55710224387
55710224388
55710224389
55710224390
55710224391
55710224392
55710237824
55710237825
55710237827
55710240771
55710240772
55710240773
55710246016
55710246017
55710246018
55710246019
55710249984
55710249985
55710249986
55710249987
55710249988
55710249989
55710249990
55710249991
55710249992
55710249993
55710249994
55710249995
55710254080
55710254081
55710254082
55710254083
55710254084
55710254085
55710254086
55710254087
55710254088
55710254089
55710258304
55710258305
55710258306
55710258307
55710258308
55710258309
55710258310
55710258311
55710258312
55710258313
55710258314
55710258315
55710262272
55710265344
55710265345
55710265346
55710265347
55710265348
55710265349
55710265350
55710265351
55710270592
55710270593
55710270596
55710270597
55710270598
55710270599
55710270600
55710270601
55710270602
55710270603
55710303232
55710303233
55710303234
55710303235
55710303236
55710303237
55710303238
55710303239
55710303240
55710303241
55710307328
55710307329
55710307330
55710307331
55710307332
55710307333
55710307337
55710307338
55710307339
55710315520
55710315521
55710315522
55710315523
55710315524
55710315525
55710315526
55710315527
55710315528
55710319616
55710319617
55710319618
55710319619
55710319620
55710319621
55710319622
55710319623
55710319624
55710319625
55710319626
55710319627
55710364672
55710364673
55710364674
55710364675
55710372998
55710372999
55710373000
55710405632
55710405633
55710405634
55710405635
55710405636
55710405637
55710405638
55710405639
55710405640
55710405642
55710405643
55710405644
55710405645
55710405646
55710413824
55710413825
55710413826
55710413827
55710413828
55710413829
55710413830
55710413831
55710413832
55710413833
55710413834
55710413835
55710417923
55710417924
55710417925
55710417926
55710417927
55710417928
55710438402
55710438403
55710438404
55710438405
55710441600
55710441601
55710441602
55710441603
55710441604
55710441605
55710441606
55710441607
55710441608
55710441609
55710441610
55710441611
55710441612
55710441613
55710441614
55710441615
55710446720
55710446721
55710471168
55710471169
55710471170
55710471171
55710471172
55710471173
55710471296
55710471297
55710471298
55710487552
55710487553
55710487554
55710487555
55710487556
55710487557
55710491651
55710491652
55710491653
55710585856
55710585857
55710585858
55710585859
55710585860
55710585861
